11
-2.07941654387
221
0.0
298
0.0
648
-1.09861228867
702
-0.405481773803
709
-1.45088787965
814
-0.510852289188
951
-0.69314718056
971
-2.07941654387
1181
0.0
1258
0.0
1428
-1.09861228867
1451
-2.07941654387
1661
0.0
1738
0.0
1908
-0.693234675638
2190
-0.693172179622
2449
-0.510852289188
2586
-0.69314718056
2865
-0.693172179622
3124
-0.510852289188
3261
-0.69314718056
3281
-2.07941654387
3491
0.0
3568
0.0
3888
-1.09861228867
3970
-0.693234675638
4245
-0.693172179622
4504
-0.510852289188
4641
-0.69314718056
