0 0 46 0 381
1 1 46 1 381
2 2 46 2 381
3 3 46 3 381
4 4 46 4 381
5 5 46 5 381
6 16 46 16 381
7 31 46 31 381
8 46 46 46 381
9 50 46 50 381
10 52 46 52 381
11 53 46 53 381
12 54 46 54 381
13 55 46 55 381
14 58 46 58 381
15 61 46 61 381
16 62 46 62 381
17 63 46 63 381
18 64 46 64 381
19 65 46 65 381
20 66 46 66 381
21 77 46 77 381
22 92 46 92 381
23 93 46 93 381
24 94 46 94 381
25 95 46 95 381
26 96 46 96 381
27 97 46 97 381
28 108 46 108 381
29 123 46 123 381
30 138 46 138 381
31 139 46 139 381
32 140 46 140 381
33 141 46 141 381
34 142 46 142 381
35 143 46 143 381
36 154 46 154 381
37 173 46 173 381
38 177 46 177 381
39 184 46 184 381
40 199 46 199 381
41 218 46 218 381
42 222 46 222 381
43 229 46 229 381
44 244 46 244 381
45 267 46 267 381
0 0
1 1
2 2
3 3
4 4
5 15
6 16
7 17
8 18
9 19
10 240
11 465
12 525
13 555
14 570
15 585
16 600
17 645
18 690
19 694
20 696
21 697
22 698
23 699
24 702
25 705
26 706
27 707
28 708
29 709
30 720
31 721
32 722
33 723
34 724
35 945
36 960
37 961
38 962
39 963
40 964
41 975
42 976
43 977
44 978
45 979
46 1200
47 1425
48 1440
49 1441
50 1442
51 1443
52 1444
53 1455
54 1456
55 1457
56 1458
57 1459
58 1740
59 1800
60 1909
61 1913
62 2130
63 2415
64 2475
65 2584
66 2588
67 2805
68 3150
