iteration 0
['START', 'D', 'N', 'V', 'END'] ['START' 'N' 'N' 'N' 'END']
['START', 'I', 'D', 'N', 'END'] ['START' 'D' 'D' 'V' 'END']
['START', 'I', 'D', 'N', 'END'] ['START' 'I' 'D' 'N' 'END']
avg loss: 0.053333 w: [ 0.  0.  0. -1.  0.  1.  0.  0.  0.  0.  0.  0.  0.  0.  0.  0.  0.  1.
  0.  0.  0.  0.  0.  0.  0.  1. -1. -1.  0.  0.  0.  0.  0.  0.  0.  0.
  0.  0.  0. -1.  0.  1.  0.  0.  0.  0. -1.  0.  1.  0.  0.  0.  0.  0.
  0.  0.  0.  0.  0.  0.  1.  0.  0.  0.  0.  1.  0.  0. -1. -1.  0.  0.
  0.  0.  0.  0.  0.  0.  0. -1.  0.  0.  1.  0.  0.  0.  0.  1. -1.  0.
  0.  0.  0.  0.  0.  0.  0.  0.  0.  0.  0.  0.  1.  0.  0.  0.  0. -1.
 -1.  0.  0.  1.  0.  0.  0.  0.  0.  0.  0.  0.  0.  1.  0.  0.  0. -1.
  0.  0.  0.  1.  0.  0. -1.  0.  0.  0.  0.  0.  0.  0.  0.  0.  0.  0.
  0.  0.  1.  0.  0. -1. -1.  0.  1.  0.  0.  0.  0.  0.  0.  0.  0.  0.
  0.  1.  0.  0. -1.  0.  0.  0.  0. -1.  0.  1.  0.  0.  0.  0.  0.  0.
  0.  0.  0.  0.  0.  1.  0.  0.  0.  0.  0.  0.  0.  1. -1. -1.  0.  0.
  0.  0.  0.  0.  0.  0.  0.  0.  0. -1.  0.  1.  0.  0.  0. -1.  0.  1.
  0.  0.  0.  0.  0.  0.  0.  0.  0.  0.  0.  1.  0.  0.  0.  0.  0.  0.
  0.  1. -1. -1.  0.  0.  0.  0.  0.  0.  0.  0.  0.  0.  0. -1.  0.  1.
  0.  0.  0. -1.  0.  1.  0.  0.  0.  0.  0.  0.  0.  0.  0.  0.  0.  1.
  0.  0.  0.  0.  0.  0.  0.  1. -1. -1.  0.  0.  0.  0.  0.  0.  0.  0.
  0.  0.  0. -1.  0.  1. -1.  0.  1.  0.  0.  0.  0.  0.  0.  0.  0.  0.
  0.  0.  0.  0.  1.  0.  2.  0.  0. -2. -1.  0.  0.  0.  0.  0.  0.  0.
 -1.  0.  0.  1.  0.  0.]
effective learning rate: 1.000000
iteration 1
['START', 'D', 'N', 'V', 'END'] ['START' 'D' 'N' 'V' 'END']
['START', 'I', 'D', 'N', 'END'] ['START' 'I' 'D' 'N' 'END']
['START', 'I', 'D', 'N', 'END'] ['START' 'I' 'D' 'N' 'END']
avg loss: 0.000000 w: [ 0.  0.  0. -1.  0.  1.  0.  0.  0.  0.  0.  0.  0.  0.  0.  0.  0.  1.
  0.  0.  0.  0.  0.  0.  0.  1. -1. -1.  0.  0.  0.  0.  0.  0.  0.  0.
  0.  0.  0. -1.  0.  1.  0.  0.  0.  0. -1.  0.  1.  0.  0.  0.  0.  0.
  0.  0.  0.  0.  0.  0.  1.  0.  0.  0.  0.  1.  0.  0. -1. -1.  0.  0.
  0.  0.  0.  0.  0.  0.  0. -1.  0.  0.  1.  0.  0.  0.  0.  1. -1.  0.
  0.  0.  0.  0.  0.  0.  0.  0.  0.  0.  0.  0.  1.  0.  0.  0.  0. -1.
 -1.  0.  0.  1.  0.  0.  0.  0.  0.  0.  0.  0.  0.  1.  0.  0.  0. -1.
  0.  0.  0.  1.  0.  0. -1.  0.  0.  0.  0.  0.  0.  0.  0.  0.  0.  0.
  0.  0.  1.  0.  0. -1. -1.  0.  1.  0.  0.  0.  0.  0.  0.  0.  0.  0.
  0.  1.  0.  0. -1.  0.  0.  0.  0. -1.  0.  1.  0.  0.  0.  0.  0.  0.
  0.  0.  0.  0.  0.  1.  0.  0.  0.  0.  0.  0.  0.  1. -1. -1.  0.  0.
  0.  0.  0.  0.  0.  0.  0.  0.  0. -1.  0.  1.  0.  0.  0. -1.  0.  1.
  0.  0.  0.  0.  0.  0.  0.  0.  0.  0.  0.  1.  0.  0.  0.  0.  0.  0.
  0.  1. -1. -1.  0.  0.  0.  0.  0.  0.  0.  0.  0.  0.  0. -1.  0.  1.
  0.  0.  0. -1.  0.  1.  0.  0.  0.  0.  0.  0.  0.  0.  0.  0.  0.  1.
  0.  0.  0.  0.  0.  0.  0.  1. -1. -1.  0.  0.  0.  0.  0.  0.  0.  0.
  0.  0.  0. -1.  0.  1. -1.  0.  1.  0.  0.  0.  0.  0.  0.  0.  0.  0.
  0.  0.  0.  0.  1.  0.  2.  0.  0. -2. -1.  0.  0.  0.  0.  0.  0.  0.
 -1.  0.  0.  1.  0.  0.]
effective learning rate: 1.000000
Loss zero. Stopping.
