set(['I', 'V', 'D', 'N'])
iteration 0
avg loss: 0.666667 w: [ 0.  0.  2.  1.  1.  1.  0.  0.  1.  1.  1.  1.  1.  0.  1.  1.  1.  1.
  1.  0.  1.  1.  1.  1.  1.  0.  1.  1.  1.  1.  1.  0.  1.  1.  1.  1.
  1.  0.  1.  1.  1.  1.  1.  0.  0. -2.  2.  0.  0.  0. -2.  2.  0.  0.
  0.  0.  0.  0.  1.  1.  1.  1.  1.  0.  0.]
effective learning rate: 1.000000
iteration 1
avg loss: 0.000000 w: [ 0.  0.  2.  1.  1.  1.  0.  0.  1.  1.  1.  1.  1.  0.  1.  1.  1.  1.
  1.  0.  1.  1.  1.  1.  1.  0.  1.  1.  1.  1.  1.  0.  1.  1.  1.  1.
  1.  0.  1.  1.  1.  1.  1.  0.  0. -2.  2.  0.  0.  0. -2.  2.  0.  0.
  0.  0.  0.  0.  1.  1.  1.  1.  1.  0.  0.]
effective learning rate: 1.000000
Loss zero. Stopping.
